0 0.7734375 0.6875 0.08828125 0.04140625
0 0.73203125 0.75 0.08359375 0.07265625
0 0.625 0.6875 0.10390625 0.05703125
0 0.53125 0.68203125 0.05703125 0.06796875
0 0.44765625 0.703125 0.06796875 0.05703125
0 0.33046875 0.65625 0.05234375 0.09375
0 0.14609375 0.67734375 0.0625 0.078125
0 0.22421875 0.62734375 0.046875 0.046875
0 0.203125 0.56015625 0.04140625 0.02578125
0 0.26015625 0.55234375 0.04140625 0.04140625
0 0.234375 0.4921875 0.046875 0.03671875
0 0.34609375 0.484375 0.05234375 0.05234375
0 0.41171875 0.48671875 0.03671875 0.03671875
0 0.38828125 0.36171875 0.109375 0.09375
0 0.48203125 0.3125 0.046875 0.04140625
0 0.453125 0.13828125 0.13046875 0.046875
0 0.5 0.18984375 0.06796875 0.046875
0 0.73984375 0.52890625 0.08359375 0.046875
0 0.77109375 0.20859375 0.10390625 0.078125
0 0.921875 0.234375 0.09375 0.06796875
0 0.88828125 0.3046875 0.05703125 0.05234375
0 0.86171875 0.3828125 0.09921875 0.06796875
0 0.78359375 0.31015625 0.04140625 0.03125
0 0.8359375 0.2734375 0.03125 0.03125
0 0.65078125 0.36484375 0.04140625 0.03671875
0 0.71640625 0.38046875 0.05234375 0.04140625
0 0.578125 0.453125 0.13515625 0.07265625
0 0.60703125 0.53671875 0.08359375 0.05234375
0 0.50546875 0.56796875 0.078125 0.05703125
0 0.59921875 0.19765625 0.04140625 0.03671875
0 0.38828125 0.5546875 0.09375 0.06796875
0 0.45078125 0.2578125 0.10390625 0.0625
0 0.74765625 0.4453125 0.13046875 0.046875
0 0.5546875 0.33359375 0.04140625 0.078125
0 0.28125 0.42734375 0.04140625 0.07265625
0 0.72890625 0.6171875 0.05234375 0.05234375
0 0.59140625 0.75234375 0.15625 0.046875
0 0.484375 0.38046875 0.05703125 0.05703125
0 0.60390625 0.15625 0.046875 0.02109375