0 0.74765625 0.6796875 0.05703125 0.08828125
0 0.859375 0.34375 0.03671875 0.03125
0 0.67421875 0.44296875 0.046875 0.05234375
0 0.11953125 0.69296875 0.06796875 0.0625
0 0.69296875 0.32578125 0.02578125 0.02578125
0 0.83046875 0.39609375 0.03125 0.03125
0 0.5859375 0.69765625 0.03671875 0.046875
0 0.65390625 0.68515625 0.04140625 0.03125
0 0.51796875 0.1875 0.04140625 0.02578125
0 0.53125 0.2890625 0.07265625 0.04140625
0 0.609375 0.3515625 0.03125 0.03125
0 0.64609375 0.34921875 0.03671875 0.03125
0 0.50234375 0.36484375 0.04140625 0.03671875
0 0.49453125 0.44296875 0.03671875 0.03671875
0 0.43984375 0.57578125 0.05234375 0.04140625
0 0.33359375 0.65859375 0.03671875 0.03125
0 0.4453125 0.63515625 0.03125 0.03125
0 0.5078125 0.73671875 0.046875 0.04140625
0 0.19765625 0.57265625 0.03125 0.03671875