0 0.46875 0.2265625 0.25546875 0.21328125
0 0.78671875 0.21875 0.31796875 0.11953125
0 0.76328125 0.37734375 0.296875 0.171875
0 0.43984375 0.4140625 0.29140625 0.15078125
0 0.73203125 0.52109375 0.13046875 0.078125
0 0.63046875 0.58046875 0.07265625 0.078125
0 0.73671875 0.7265625 0.07265625 0.19296875
0 0.6484375 0.68203125 0.05703125 0.05703125
0 0.54453125 0.71875 0.11953125 0.11484375
0 0.36484375 0.52109375 0.09921875 0.04140625
0 0.22421875 0.5625 0.09921875 0.078125
0 0.20078125 0.65390625 0.078125 0.06796875
0 0.38828125 0.61953125 0.17734375 0.14609375